Large Heapsort Unsorted
152 151 153 150 152 151 151 150 152 152 153 151 152 150 151 151 152 151 152 153 152 151 151 150 151 150 154 151 151 158 
Large MergeSort Unsorted
87 85 84 84 84 84 66 84 84 85 85 70 83 83 85 84 84 84 84 84 83 83 84 76 84 84 84 84 83 83 
Large QuickSort Unsorted
5421 5530 5274 5389 5367 5492 5325 5222 5447 5328 5124 5342 5235 5204 5263 5198 5549 5090 5416 5325 5533 5453 5380 5205 5317 5345 5119 5435 5154 5451 
Large Heapsort Sorted normal
89 89 90 90 90 88 90 89 89 89 89 89 89 89 89 89 89 92 89 89 89 89 89 89 90 89 89 89 91 90 
Large MergeSort Sorted normal
74 74 75 74 74 58 76 74 75 75 75 75 74 74 74 74 75 79 74 75 74 74 74 75 74 75 74 75 76 75 
Large QuickSort Sorted normal
5430 5663 5495 5609 5735 5748 5751 5525 5704 5489 5517 5653 5675 5777 5676 5490 5791 5868 5457 5248 5301 5235 5332 5369 5154 5320 5649 5611 5894 5919 
Large Heapsort Sorted reverse
88 88 89 88 88 89 89 88 88 89 88 89 88 88 88 89 88 89 89 88 88 88 89 88 88 89 88 88 89 89 
Large MergeSort Sorted reverse
69 69 69 69 68 68 69 69 69 70 69 69 76 67 68 68 69 69 69 69 69 70 68 68 68 68 68 69 69 69 
Large QuickSort Sorted reverse
5791 5532 5775 5745 5784 5737 5870 5729 5497 5748 5873 5773 5731 5776 5470 5804 5807 5672 5762 5824 5837 5537 5809 5558 5552 5514 5600 5777 5610 5838 
