Medium Heapsort Unsorted
12 12 12 12 12 12 9 12 12 12 12 12 12 12 8 10 12 9 12 12 12 12 8 9 11 12 12 12 12 12 
Medium MergeSort Unsorted
7 7 7 7 9 9 5 7 7 7 7 7 7 7 5 7 7 5 7 7 7 7 5 5 7 7 7 7 7 7 
Medium QuickSort Unsorted
603 601 596 602 604 555 526 600 533 575 603 594 598 591 500 531 523 548 600 601 601 592 471 497 598 579 696 615 601 600 
Medium Heapsort Sorted normal
8 7 8 8 8 7 8 8 8 8 8 8 8 8 7 8 6 7 8 8 8 8 5 6 5 8 8 8 7 8 
Medium MergeSort Sorted normal
6 7 6 7 6 6 7 7 6 6 7 7 7 7 7 6 5 6 7 6 7 6 5 5 5 6 6 6 7 6 
Medium QuickSort Sorted normal
612 602 600 602 601 576 571 593 600 605 603 600 599 597 565 564 596 596 601 595 600 597 553 521 593 600 600 598 601 522 
Medium Heapsort Sorted reverse
7 8 7 7 8 7 7 7 7 7 7 7 7 7 7 7 7 7 7 7 7 7 7 7 7 7 7 7 7 7 
Medium MergeSort Sorted reverse
6 6 6 6 6 6 6 6 6 6 6 6 6 6 6 6 6 6 6 6 6 6 6 6 7 7 6 6 6 6 
Medium QuickSort Sorted reverse
606 599 620 622 616 604 602 601 597 606 602 602 599 597 602 600 600 609 600 602 601 597 603 605 604 609 604 568 594 562 
